1	1	1
2	21	1
3	15	1
4	3	1
5	26	1
6	11	4
7	1	4
8	26	5
9	15	5
10	11	5
11	21	5
12	26	6
13	21	6
14	15	6
15	29	6
16	23	6
17	20	7
18	3	7
19	29	7
20	17	8
21	20	8
22	23	8
23	21	8
24	1	8
25	24	9
26	20	9
27	21	9
28	1	10
29	20	10
30	21	13
31	23	13
32	20	13
33	3	13
34	24	13
35	24	14
36	21	14
37	15	15
38	23	16
39	26	16
40	21	16
41	23	17
42	29	17
43	11	18
44	23	18
45	24	18
46	26	19
47	21	19
48	21	20
49	20	21
50	17	21
51	9	22
52	20	22
53	14	24
54	20	25
55	9	25
56	25	25
57	13	25
58	14	25
59	18	27
60	7	28
61	20	28
62	9	28
63	9	29
64	18	29
65	29	29
66	7	29
67	20	30
68	29	31
69	25	31
70	7	31
71	13	31
72	17	32
73	25	32
74	9	32
75	18	33
76	9	34
77	29	34
78	20	34
79	2	34
80	25	35
81	8	35
82	7	35
83	9	35
84	18	35
85	25	36
86	8	36
87	2	36
88	14	36
89	13	36
90	29	37
91	13	37
92	7	37
93	25	38
94	7	38
95	18	38
96	2	38
97	20	38
98	7	40
99	2	40
100	29	40
101	9	40
102	18	40
103	9	41
104	8	41
105	25	41
106	17	41
107	14	41
108	18	42
109	2	42
110	29	42
111	13	42
112	14	42
113	13	43
114	8	43
115	8	44
116	2	44
117	2	45
118	17	45
119	25	46
120	2	46
121	8	47
122	14	47
123	17	47
124	13	47
125	7	47
126	2	48
127	20	50
128	17	50
129	13	50
130	9	50
131	25	51
132	8	51
133	29	52
134	17	52
135	8	52
136	20	52
137	2	52
138	18	53
139	2	53
140	17	53
141	13	53
142	8	53
143	2	55
144	29	55
145	8	56
146	17	56
147	9	56
148	25	56
149	29	56
150	13	58
151	7	60
152	7	61
153	17	63
154	9	63
155	25	63
156	29	63
157	18	63
158	2	64
159	13	64
160	2	65
161	14	65
162	7	67
163	17	68
164	21	68
165	17	69
166	28	69
167	14	69
168	7	70
169	21	70
170	14	70
171	16	71
172	3	71
173	16	72
174	17	72
175	14	72
176	7	72
177	12	72
178	12	73
179	2	73
180	4	73
181	7	76
182	16	76
183	3	76
184	4	77
185	14	78
186	21	80
187	21	81
188	17	81
189	3	81
190	28	82
191	12	82
192	16	83
193	4	83
194	10	83
195	14	84
196	28	84
197	3	84
198	16	85
199	3	85
200	2	85
201	7	85
202	28	85
203	16	88
204	4	90
205	3	90
206	7	90
207	16	90
208	14	90
209	3	91
210	14	94
211	28	94
212	17	95
213	4	95
214	7	95
215	3	95
216	2	95
217	16	96
218	7	96
219	17	97
220	3	97
221	10	97
222	16	97
223	14	98
224	10	99
225	12	99
226	16	100
227	28	100
228	4	102
229	26	102
230	18	102
231	22	102
232	26	103
233	22	103
234	13	103
235	2	104
236	18	104
237	4	104
238	7	104
239	28	105
240	7	105
241	18	105
242	19	105
243	3	105
244	18	106
245	13	107
246	7	108
247	22	108
248	18	111
249	22	111
250	2	111
251	7	111
252	28	111
253	7	112
254	18	112
255	28	112
256	19	112
257	2	112
258	19	113
259	22	113
260	2	113
261	4	114
262	26	114
263	22	114
264	13	114
265	3	114
266	4	115
267	2	115
268	26	116
269	28	116
270	30	116
271	18	116
272	22	116
273	13	117
274	18	117
275	30	117
276	7	117
277	26	118
278	30	118
279	7	118
280	2	118
281	22	118
282	4	119
283	18	119
284	18	120
285	26	120
286	7	121
287	19	121
288	13	121
289	28	121
290	4	121
291	3	122
292	19	122
293	26	122
294	4	122
295	22	122
296	4	123
297	26	124
298	13	124
299	30	125
300	18	125
301	22	125
302	22	126
303	7	126
304	18	126
305	13	128
306	19	128
307	30	128
308	2	129
309	28	129
310	22	129
311	2	130
312	28	130
313	7	130
314	13	130
315	3	130
316	13	131
317	7	131
318	26	131
319	18	131
320	19	131
321	28	132
322	7	132
323	22	132
324	22	133
325	3	133
326	2	133
327	30	133
328	7	134
329	26	135
330	13	135
331	2	135
332	28	135
333	3	136
334	26	136
335	28	136
336	3	137
337	5	138
338	13	138
339	3	138
340	8	138
341	4	138
342	6	139
343	9	139
344	4	139
345	26	139
346	13	140
347	8	140
348	16	140
349	20	140
350	3	140
351	26	141
352	4	141
353	16	141
354	3	142
355	13	142
356	5	142
357	28	142
358	9	142
359	20	143
360	6	143
361	13	143
362	16	143
363	8	143
364	16	145
365	26	145
366	20	145
367	4	145
368	5	145
369	16	146
370	13	146
371	28	146
372	3	147
373	20	147
374	5	147
375	28	147
376	8	147
377	26	148
378	5	148
379	16	148
380	20	148
381	4	149
382	28	149
383	26	149
384	5	151
385	6	152
386	5	152
387	8	152
388	26	153
389	4	153
390	13	153
391	20	153
392	16	153
393	13	155
394	9	155
395	6	155
396	16	155
397	26	155
398	16	156
399	26	156
400	5	156
401	20	157
402	16	157
403	5	158
404	9	158
405	9	159
406	3	159
407	20	159
408	26	159
409	4	160
410	20	160
411	8	161
412	28	163
413	20	163
414	16	163
415	26	163
416	16	164
417	8	164
418	5	164
419	20	164
420	9	166
421	8	167
422	3	167
423	13	167
424	16	167
425	28	167
426	20	168
427	28	168
428	8	168
429	3	168
430	6	168
431	9	169
432	20	169
433	8	169
434	26	169
435	16	169
436	8	170
437	16	170
438	28	170
439	6	172
440	29	172
441	27	172
442	24	172
443	29	173
444	21	173
445	24	174
446	29	174
447	27	174
448	11	174
449	6	174
450	7	175
451	29	175
452	18	177
453	21	177
454	24	177
455	27	178
456	18	178
457	14	178
458	24	178
459	18	179
460	26	179
461	29	179
462	21	180
463	24	180
464	11	180
465	29	180
466	7	181
467	6	183
468	7	183
469	27	183
470	7	184
471	7	185
472	14	185
473	3	185
474	24	185
475	3	186
476	7	186
477	24	186
478	18	186
479	21	187
480	21	188
481	24	188
482	21	189
483	3	191
484	24	192
485	29	192
486	6	193
487	7	194
488	27	194
489	21	194
490	18	194
491	18	195
492	3	195
493	7	196
494	11	197
495	6	197
496	7	197
497	14	197
498	7	198
499	29	198
500	7	199
501	6	199
502	21	199
503	14	199
504	18	199
505	7	200
506	14	200
507	18	200
508	29	201
509	11	201
510	26	202
511	14	202
512	27	202
513	6	202
514	18	202
515	3	203
516	14	203
517	6	203
518	29	203
519	24	204
520	14	205
521	21	205
522	29	205
523	14	207
524	7	207
525	6	207
526	18	207
527	7	208
528	29	208
529	11	208
530	24	208
531	27	208
532	14	209
533	24	209
534	24	210
535	29	210
536	18	211
537	26	211
538	11	211
539	21	211
540	10	213
541	30	214
542	9	214
543	2	214
544	30	215
545	9	215
546	23	215
547	14	215
548	24	216
549	24	217
550	23	218
551	24	218
552	16	218
553	10	218
554	14	219
555	9	219
556	3	219
557	30	221
558	23	221
559	9	221
560	14	221
561	7	222
562	3	222
563	10	222
564	2	223
565	3	223
566	9	223
567	10	223
568	24	223
569	24	224
570	16	224
571	7	224
572	7	226
573	2	226
574	3	229
575	9	229
576	16	230
577	14	230
578	23	230
579	9	230
580	10	230
581	24	231
582	23	231
583	14	231
584	3	231
585	7	231
586	16	232
587	3	232
588	2	232
589	8	232
590	9	233
591	10	233
592	8	233
593	2	233
594	9	234
595	24	234
596	7	234
597	8	234
598	2	234
599	10	235
600	3	235
601	16	235
602	2	235
603	7	235
604	14	236
605	30	236
606	23	237
607	30	238
608	7	238
609	9	238
610	2	239
611	7	239
612	8	239
613	16	240
614	3	240
615	2	240
616	10	241
617	2	241
618	24	242
619	14	242
620	3	242
621	7	242
622	9	242
623	14	243
624	3	243
625	23	243
626	30	243
627	2	244
628	30	244
629	24	244
630	8	244
631	7	246
632	10	246
633	30	246
634	30	247
635	16	247
636	23	248
637	7	248
638	2	248
639	8	248
640	30	248
641	9	249
642	14	249
643	7	250
644	2	251
645	3	251
646	30	251
647	14	251
648	23	251
649	23	252
650	24	252
651	10	252
652	16	252
653	23	253
654	8	254
655	16	254
656	7	254
657	30	254
658	14	254
659	22	255
660	30	255
661	6	255
662	2	257
663	24	258
664	17	258
665	2	258
666	13	258
667	6	258
668	26	259
669	24	259
670	8	260
671	6	260
672	24	260
673	30	260
674	17	260
675	22	261
676	24	261
677	6	261
678	30	261
679	8	262
680	12	262
681	17	262
682	24	262
683	2	263
684	8	264
685	6	264
686	26	264
687	12	264
688	13	264
689	6	265
690	30	265
691	6	266
692	24	266
693	12	266
694	22	267
695	8	267
696	26	267
697	12	267
698	13	268
699	26	269
700	24	269
701	17	269
702	4	270
703	2	270
704	8	270
705	13	271
706	2	271
707	4	272
708	24	273
709	17	273
710	26	273
711	22	273
712	2	276
713	22	276
714	12	276
715	22	278
716	6	278
717	30	278
718	26	278
719	8	278
720	17	279
721	22	279
722	22	280
723	6	281
724	4	281
725	17	281
726	8	281
727	26	281
728	26	282
729	17	282
730	8	282
731	13	283
732	6	283
733	12	284
734	2	284
735	8	285
736	30	285
737	26	286
738	30	286
739	26	287
740	22	287
741	17	287
742	22	288
743	6	288
744	4	289
745	13	289
746	6	290
747	17	290
748	22	290
749	12	290
750	4	290
751	6	291
752	13	291
753	26	292
754	22	292
755	24	293
756	2	294
757	12	294
758	6	295
759	12	296
760	6	296
761	2	296
762	12	297
763	2	298
764	4	298
765	12	298
766	24	298
767	24	299
768	22	300
769	2	300
770	4	300
771	8	300
772	12	300
773	17	301
774	22	302
775	4	302
776	8	302
777	30	302
778	8	303
779	22	303
780	24	303
781	4	303
782	26	303
783	17	305
784	30	306
785	13	307
786	24	307
787	26	307
788	13	308
789	26	308
790	8	308
791	6	309
792	13	309
793	30	309
794	26	309
795	2	309
796	13	310
797	10	310
798	10	311
799	14	311
800	21	312
801	3	312
802	19	312
803	14	313
804	21	313
805	23	314
806	27	314
807	3	314
808	19	315
809	28	315
810	21	316
811	9	316
812	10	316
813	22	317
814	14	317
815	27	317
816	23	317
817	14	318
818	22	318
819	13	319
820	21	319
821	27	322
822	28	322
823	19	322
824	14	322
825	9	322
826	23	324
827	10	324
828	9	324
829	22	324
830	23	325
831	3	325
832	22	325
833	27	325
834	19	325
835	3	326
836	22	326
837	28	326
838	10	326
839	13	327
840	21	327
841	28	327
842	19	327
843	3	329
844	19	329
845	13	329
846	23	330
847	9	330
848	19	330
849	3	332
850	10	332
851	9	332
852	27	332
853	28	333
854	27	333
855	22	333
856	3	333
857	9	333
858	10	334
859	22	334
860	3	335
861	28	336
862	21	339
863	22	339
864	14	339
865	13	340
866	9	340
867	14	340
868	13	342
869	22	342
870	19	342
871	14	342
872	14	343
873	10	343
874	19	343
875	3	344
876	10	344
877	8	345
878	24	345
879	23	345
880	22	345
881	8	346
882	23	348
883	10	348
884	12	348
885	3	348
886	24	349
887	12	349
888	23	349
889	8	349
890	27	349
891	12	350
892	6	350
893	3	350
894	15	350
895	22	352
896	27	352
897	24	352
898	10	352
899	26	352
900	22	353
901	23	353
902	10	354
903	23	354
904	22	354
905	12	354
906	3	355
907	22	355
908	10	355
909	26	357
910	23	357
911	22	358
912	23	358
913	24	358
914	27	359
915	3	359
916	15	359
917	8	361
918	24	361
919	27	361
920	24	362
921	23	362
922	8	362
923	10	362
924	26	362
925	27	363
926	10	363
927	22	363
928	15	363
929	12	364
930	6	364
931	6	365
932	22	365
933	23	365
934	3	366
935	27	366
936	8	366
937	23	366
938	10	366
939	27	367
940	10	368
941	12	368
942	8	368
943	24	368
944	3	370
945	10	370
946	8	370
947	12	370
948	24	371
949	26	371
950	12	371
951	27	371
952	6	371
953	3	372
954	10	372
955	6	373
956	15	373
957	10	373
958	24	373
959	3	373
960	8	374
961	10	374
962	15	375
963	12	375
964	22	376
965	10	377
966	15	378
967	8	378
968	24	378
969	12	379
970	22	379
971	23	379
972	8	379
973	10	379
974	8	380
975	22	380
976	26	380
977	12	380
978	27	380
979	6	381
980	17	383
981	3	383
982	19	383
983	12	384
984	3	384
985	21	384
986	10	384
987	18	384
988	22	386
989	11	386
990	21	386
991	12	386
992	12	387
993	22	387
994	11	388
995	12	388
996	23	388
997	10	388
998	11	389
999	10	389
1000	10	390
1001	19	391
1002	17	393
1003	12	393
1004	1	395
1005	12	395
1006	22	395
1007	21	395
1008	17	396
1009	19	396
1010	10	397
1011	22	397
1012	1	397
1013	18	397
1014	23	398
1015	10	399
1016	19	399
1017	1	399
1018	19	400
1019	10	400
1020	23	400
1021	17	400
1022	18	400
1023	10	401
1024	12	402
1025	22	402
1026	23	402
1027	17	402
1028	3	403
1029	12	403
1030	22	403
1031	19	405
1032	22	405
1033	23	406
1034	22	406
1035	21	406
1036	17	406
1037	1	407
1038	22	407
1039	21	407
1040	3	407
1041	17	407
1042	22	409
1043	19	409
1044	1	409
1045	21	411
1046	12	411
1047	1	411
1048	18	411
1049	17	411
1050	10	412
1051	11	413
1052	19	414
1053	12	414
1054	22	414
1055	1	414
1056	10	415
1057	19	415
1058	21	415
1059	22	415
1060	1	416
1061	18	416
1062	17	417
1063	23	417
1064	19	417
1065	14	418
1066	5	418
1067	29	418
1068	5	419
1069	17	419
1070	2	419
1071	14	421
1072	17	421
1073	2	421
1074	2	422
1075	13	422
1076	16	423
1077	13	423
1078	18	423
1079	5	423
1080	3	423
1081	17	425
1082	16	425
1083	18	425
1084	3	426
1085	16	426
1086	13	426
1087	2	426
1088	14	427
1089	16	427
1090	12	427
1091	17	427
1092	29	427
1093	3	428
1094	2	428
1095	16	429
1096	16	430
1097	2	430
1098	4	430
1099	12	430
1100	12	431
1101	14	432
1102	17	432
1103	3	432
1104	2	432
1105	17	433
1106	5	433
1107	29	433
1108	29	434
1109	16	435
1110	5	435
1111	18	435
1112	14	436
1113	18	436
1114	13	436
1115	14	437
1116	12	437
1117	3	437
1118	16	437
1119	18	437
1120	5	438
1121	13	438
1122	17	438
1123	29	438
1124	12	438
1125	17	439
1126	2	439
1127	3	439
1128	3	440
1129	18	440
1130	5	440
1131	17	440
1132	14	441
1133	16	441
1134	4	441
1135	3	441
1136	2	441
1137	16	443
1138	14	443
1139	5	443
1140	16	444
1141	29	444
1142	17	444
1143	14	445
1144	4	445
1145	16	446
1146	13	446
1147	2	446
1148	18	447
1149	3	447
1150	13	447
1151	29	447
1152	2	447
1153	3	449
1154	14	450
1155	2	450
1156	17	451
1157	5	451
1158	2	451
1159	18	451
1160	18	452
1161	5	452
1162	17	453
1163	3	453
1164	13	453
1165	4	454
1166	16	456
1167	12	456
1168	14	456
1169	29	456
1170	2	456
1171	17	457
1172	2	457
1173	4	458
1174	17	458
1175	14	459
1176	10	459
1177	20	459
1178	22	459
1179	24	459
1180	3	460
1181	1	460
1182	14	461
1183	24	461
1184	27	461
1185	13	461
1186	10	461
1187	1	462
1188	13	462
1189	20	463
1190	24	463
1191	10	464
1192	3	464
1193	16	464
1194	6	464
1195	14	464
1196	22	465
1197	3	467
1198	10	467
1199	20	467
1200	6	467
1201	13	469
1202	3	469
1203	13	470
1204	1	470
1205	6	471
1206	24	471
1207	10	471
1208	20	471
1209	3	471
1210	13	473
1211	16	473
1212	10	474
1213	10	476
1214	1	476
1215	27	476
1216	22	476
1217	10	477
1218	20	477
1219	16	477
1220	3	477
1221	20	478
1222	20	479
1223	24	479
1224	14	480
1225	10	480
1226	24	480
1227	20	481
1228	22	483
1229	1	484
1230	14	484
1231	3	484
1232	22	484
1233	14	485
1234	10	485
1235	13	485
1236	22	486
1237	13	486
1238	27	486
1239	6	486
1240	1	486
1241	3	488
1242	1	488
1243	10	488
1244	24	488
1245	20	489
1246	13	489
1247	6	489
1248	10	489
1249	14	489
1250	24	490
1251	20	490
1252	13	490
1253	16	491
1254	6	491
1255	14	491
1256	10	491
1257	20	492
1258	10	492
1259	16	492
1260	24	493
1261	27	493
1262	3	494
1263	6	495
1264	20	495
1265	24	495
1266	27	496
1267	20	497
1268	6	497
1269	16	497
1270	10	497
1271	14	498
1272	10	499
1273	24	499
1274	16	499
1275	20	499
1276	1	500
1277	24	500
1278	10	501
1279	16	501
1280	24	501
1281	22	502
1282	1	502
1283	6	503
1284	24	503
1285	20	504
1286	1	504
1287	20	505
1288	3	505
1289	14	505
1290	27	506
1291	13	507
1292	14	507
1293	27	507
1294	1	508
1295	10	508
1296	27	510
1297	20	510
1298	6	510
1299	16	510
1300	13	510
1301	24	511
1302	1	511
1303	20	511
1304	14	511
1305	24	512
1306	1	513
1307	24	513
1308	16	513
1309	10	513
1310	24	514
1311	3	514
1312	1	514
1313	22	514
1314	16	514
1315	14	515
1316	20	515
1317	1	516
1318	10	516
1319	6	517
1320	24	517
1321	1	517
1322	3	518
1323	20	518
1324	27	518
1325	13	518
1326	24	519
1327	27	519
1328	27	520
1329	1	520
1330	20	520
1331	6	520
1332	14	520
1333	20	521
1334	3	521
1335	14	521
1336	1	521
1337	24	521
1338	15	522
1339	28	522
1340	14	523
1341	14	524
1342	7	524
1343	8	524
1344	24	525
1345	7	525
1346	14	525
1347	16	526
1348	7	526
1349	22	526
1350	27	526
1351	27	527
1352	15	527
1353	22	529
1354	16	530
1355	8	530
1356	20	532
1357	8	532
1358	24	532
1359	22	533
1360	16	533
1361	14	533
1362	15	533
1363	22	534
1364	7	534
1365	15	534
1366	23	535
1367	14	535
1368	20	535
1369	15	535
1370	23	536
1371	24	536
1372	28	536
1373	27	536
1374	15	537
1375	16	537
1376	7	537
1377	28	537
1378	14	537
1379	27	538
1380	15	538
1381	14	539
1382	27	540
1383	15	541
1384	16	542
1385	24	543
1386	14	543
1387	8	543
1388	23	543
1389	7	543
1390	7	544
1391	16	544
1392	24	544
1393	20	544
1394	23	544
1395	28	545
1396	16	545
1397	23	545
1398	7	546
1399	20	546
1400	15	547
1401	22	548
1402	16	549
1403	27	549
1404	8	549
1405	28	549
1406	24	549
1407	28	551
1408	27	551
1409	15	552
1410	14	552
1411	23	552
1412	24	552
1413	20	554
1414	8	555
1415	28	555
1416	23	556
1417	22	557
1418	20	557
1419	16	557
1420	27	557
1421	22	558
1422	8	558
1423	16	558
1424	20	558
1425	15	558
1426	16	559
1427	8	559
1428	7	559
1429	15	561
1430	16	561
1431	27	561
1432	8	564
1433	23	564
1434	14	565
1435	20	565
1436	22	565
1437	7	565
1438	15	566
1439	8	566
1440	23	566
1441	22	567
1442	20	567
1443	27	567
1444	16	567
1445	15	567
1446	24	568
1447	7	568
1448	8	569
1449	14	569
1450	24	569
1451	15	569
1452	14	570
1453	8	571
1454	23	571
1455	24	571
1456	7	571
1457	20	571
1458	16	572
1459	1	573
1460	30	573
1461	15	573
1462	12	573
1463	16	573
1464	6	574
1465	17	574
1466	11	574
1467	30	574
1468	15	574
1469	16	575
1470	11	575
1471	11	576
1472	6	576
1473	17	576
1474	11	577
1475	6	579
1476	15	580
1477	6	580
1478	25	580
1479	17	581
1480	14	581
1481	25	582
1482	17	582
1483	30	583
1484	26	583
1485	30	584
1486	17	584
1487	25	584
1488	12	584
1489	6	585
1490	1	586
1491	25	586
1492	15	587
1493	1	587
1494	17	588
1495	6	588
1496	11	588
1497	26	588
1498	1	588
1499	30	589
1500	6	589
1501	11	589
1502	15	592
1503	11	592
1504	6	592
1505	26	593
1506	30	593
1507	6	595
1508	14	595
1509	26	596
1510	12	596
1511	6	596
1512	16	597
1513	15	597
1514	12	598
1515	14	599
1516	15	599
1517	12	599
1518	6	600
1519	12	600
1520	14	600
1521	15	601
1522	12	601
1523	30	601
1524	1	601
1525	30	602
1526	11	602
1527	25	603
1528	6	604
1529	14	604
1530	25	607
1531	15	609
1532	4	609
1533	20	610
1534	16	610
1535	28	610
1536	7	610
1537	13	610
1538	16	611
1539	4	611
1540	20	611
1541	27	611
1542	28	611
1543	12	612
1544	4	612
1545	4	613
1546	27	613
1547	28	613
1548	29	613
1549	7	614
1550	13	614
1551	29	614
1552	14	614
1553	20	614
1554	27	615
1555	4	615
1556	28	615
1557	15	616
1558	27	616
1559	16	616
1560	13	616
1561	7	618
1562	13	619
1563	14	620
1564	29	620
1565	7	620
1566	15	620
1567	27	623
1568	16	623
1569	7	624
1570	12	624
1571	13	624
1572	15	624
1573	28	625
1574	29	625
1575	15	625
1576	14	625
1577	7	625
1578	27	626
1579	13	626
1580	20	627
1581	13	627
1582	15	628
1583	4	628
1584	7	628
1585	15	629
1586	14	629
1587	12	629
1588	7	629
1589	16	629
1590	14	630
1591	15	631
1592	28	631
1593	20	631
1594	4	632
1595	13	632
1596	13	633
1597	15	633
1598	16	633
1599	28	633
1600	16	634
1601	4	634
1602	29	635
1603	16	637
1604	7	637
1605	29	637
1606	4	639
1607	7	639
1608	14	639
1609	28	639
1610	20	639
1611	29	640
1612	16	640
1613	20	641
1614	16	641
1615	15	641
1616	14	641
1617	14	642
1618	16	642
1619	13	642
1620	12	642
1621	7	643
1622	15	645
1623	16	645
1624	4	646
1625	12	646
1626	28	646
1627	16	646
1628	12	647
1629	29	647
1630	14	648
1631	20	648
1632	7	648
1633	29	648
1634	15	649
1635	29	649
1636	14	649
1637	4	649
1638	12	649
1639	28	651
1640	13	651
1641	15	652
1642	16	652
1643	4	652
1644	20	652
1645	4	654
1646	7	655
1647	16	655
1648	4	655
1649	27	655
1650	28	656
1651	20	656
1652	13	656
1653	29	656
1654	4	656
1655	4	657
1656	27	657
1657	14	657
1658	12	657
1659	13	658
1660	27	658
1661	14	658
1662	7	658
1663	12	658
1664	16	659
1665	12	659
1666	13	659
1667	28	659
1668	27	659
1669	15	660
1670	13	660
1671	12	660
1672	20	662
1673	27	662
1674	12	662
1675	27	663
1676	28	664
1677	27	664
1678	4	664
1679	4	665
1680	13	665
1681	16	665
1682	7	665
1683	7	666
1684	12	666
1685	16	666
1686	13	666
1687	27	666
1688	20	667
1689	28	667
1690	16	667
1691	29	667
1692	27	667
1693	27	668
1694	15	668
1695	13	668
1696	12	669
1697	15	669
1698	28	669
1699	16	669
1700	20	669
1701	14	670
1702	28	670
1703	13	670
1704	15	670
1705	12	671
1706	7	671
1707	14	671
1708	27	672
1709	15	673
1710	12	673
1711	28	673
1712	20	673
1713	13	674
1714	27	674
1715	7	674
1716	13	675
1717	16	675
1718	28	675
1719	4	675
1720	27	675
1721	7	676
1722	12	677
1723	15	677
1724	27	677
1725	20	678
1726	14	678
1727	27	678
1728	27	679
1729	4	679
1730	12	679
1731	16	679
1732	28	681
1733	4	681
1734	13	681
1735	7	681
1736	13	682
1737	4	682
1738	12	682
1739	15	683
1740	13	683
1741	20	683
1742	14	683
1743	27	683
1744	4	684
1745	28	684
1746	13	684
1747	20	684
1748	27	685
1749	14	687
1750	20	687
1751	27	687
1752	4	688
1753	29	688
1754	12	689
1755	28	689
1756	30	690
1757	23	690
1758	20	690
1759	29	690
1760	17	690
1761	19	691
1762	29	691
1763	4	691
1764	30	692
1765	28	692
1766	15	694
1767	23	695
1768	22	695
1769	22	696
1770	12	696
1771	4	696
1772	23	696
1773	28	696
1774	30	697
1775	4	697
1776	29	697
1777	22	697
1778	23	699
1779	4	699
1780	28	699
1781	12	700
1782	29	700
1783	28	702
1784	4	705
1785	23	706
1786	29	706
1787	4	706
1788	17	706
1789	30	706
1790	4	708
1791	22	708
1792	17	708
1793	4	709
1794	12	709
1795	30	709
1796	23	710
1797	12	710
1798	20	710
1799	22	710
1800	17	710
1801	28	711
1802	29	711
1803	17	711
1804	12	712
1805	20	712
1806	19	712
1807	28	712
1808	4	712
1809	30	713
1810	23	714
1811	29	714
1812	28	714
1813	30	714
1814	15	714
1815	12	715
1816	19	715
1817	30	715
1818	23	715
1819	20	715
1820	19	716
1821	19	717
1822	4	718
1823	28	718
1824	30	718
1825	19	718
1826	23	719
1827	15	719
1828	17	719
1829	12	719
1830	12	720
1831	23	721
1832	15	722
1833	12	722
1834	23	722
1835	29	722
1836	12	723
1837	19	724
1838	20	724
1839	15	724
1840	30	724
1841	29	724
1842	17	725
1843	15	725
1844	30	726
1845	12	727
1846	28	727
1847	20	727
1848	4	727
1849	23	729
1850	10	730
1851	26	730
1852	1	730
1853	23	730
1854	16	730
1855	25	731
1856	22	731
1857	10	731
1858	16	731
1859	23	731
1860	11	733
1861	25	733
1862	22	733
1863	30	733
1864	10	734
1865	11	735
1866	22	735
1867	1	735
1868	30	736
1869	22	736
1870	11	736
1871	22	737
1872	23	737
1873	1	738
1874	2	738
1875	11	738
1876	18	738
1877	16	739
1878	22	739
1879	25	739
1880	30	739
1881	2	740
1882	25	740
1883	25	742
1884	16	742
1885	30	742
1886	26	743
1887	26	744
1888	18	744
1889	25	744
1890	22	744
1891	2	744
1892	1	746
1893	23	746
1894	10	746
1895	18	746
1896	16	747
1897	18	747
1898	30	747
1899	23	748
1900	11	749
1901	30	749
1902	26	749
1903	9	750
1904	16	750
1905	2	750
1906	13	750
1907	11	750
1908	19	751
1909	9	751
1910	22	751
1911	4	751
1912	16	752
1913	12	754
1914	15	754
1915	13	754
1916	18	754
1917	11	755
1918	18	755
1919	22	755
1920	2	755
1921	13	756
1922	19	756
1923	15	756
1924	9	756
1925	16	756
1926	19	757
1927	15	757
1928	11	758
1929	12	759
1930	19	759
1931	11	759
1932	2	759
1933	4	759
1934	19	760
1935	4	760
1936	15	760
1937	16	761
1938	2	762
1939	15	763
1940	13	763
1941	11	763
1942	22	764
1943	15	766
1944	18	766
1945	22	766
1946	11	767
1947	2	767
1948	13	767
1949	15	768
1950	4	768
1951	2	770
1952	22	770
1953	18	770
1954	16	770
1955	12	771
1956	11	771
1957	15	771
1958	11	772
1959	16	772
1960	15	772
1961	18	772
1962	2	774
1963	19	774
1964	22	774
1965	12	774
1966	18	774
1967	2	775
1968	4	776
1969	9	776
1970	22	776
1971	15	776
1972	16	777
1973	13	778
1974	16	778
1975	2	778
1976	19	778
1977	2	779
1978	16	779
1979	22	779
1980	4	780
1981	9	780
1982	11	780
1983	19	781
1984	18	781
1985	4	781
1986	16	781
1987	11	781
1988	19	783
1989	15	783
1990	11	784
1991	19	785
1992	18	785
1993	13	785
1994	12	785
1995	9	786
1996	18	786
1997	15	787
1998	9	787
1999	4	787
2000	18	787
2001	18	788
2002	13	788
2003	11	788
2004	15	788
2005	4	788
2006	22	791
2007	11	791
2008	2	791
2009	9	791
2010	16	791
2011	12	792
2012	9	792
2013	13	792
2014	4	792
2015	13	793
2016	16	793
2017	2	794
2018	29	795
2019	11	795
2020	22	797
2021	2	797
2022	10	797
2023	13	797
2024	29	797
2025	23	798
2026	23	799
2027	29	799
2028	13	800
2029	11	800
2030	24	800
2031	1	800
2032	22	800
2033	13	801
2034	18	802
2035	11	802
2036	1	802
2037	23	802
2038	10	803
2039	11	803
2040	29	803
2041	18	804
2042	23	805
2043	20	805
2044	18	805
2045	13	805
2046	22	805
2047	13	806
2048	11	806
2049	20	806
2050	24	806
2051	22	806
2052	18	807
2053	13	807
2054	22	807
2055	2	807
2056	23	807
2057	22	808
2058	20	808
2059	22	809
2060	2	809
2061	11	810
2062	1	814
2063	24	814
2064	13	815
2065	24	816
2066	11	816
2067	23	816
2068	10	816
2069	13	816
2070	11	817
2071	7	818
2072	14	818
2073	14	819
2074	9	819
2075	3	820
2076	21	820
2077	24	822
2078	14	822
2079	21	822
2080	26	822
2081	21	824
2082	25	825
2083	24	825
2084	6	825
2085	26	825
2086	4	825
2087	4	826
2088	30	827
2089	24	827
2090	7	828
2091	30	828
2092	24	831
2093	4	831
2094	14	831
2095	7	831
2096	9	831
2097	9	832
2098	4	832
2099	30	832
2100	21	832
2101	24	832
2102	21	833
2103	30	833
2104	9	834
2105	14	834
2106	7	834
2107	4	835
2108	24	835
2109	9	837
2110	30	837
2111	6	837
2112	21	837
2113	3	837
2114	3	838
2115	26	839
2116	24	839
2117	24	841
2118	14	841
2119	25	841
2120	4	841
2121	30	841
2122	30	844
2123	26	844
2124	6	844
2125	14	844
2126	4	845
2127	30	845
2128	14	845
2129	6	845
2130	9	845
2131	30	846
2132	26	846
2133	24	847
2134	4	847
2135	30	847
2136	3	848
2137	30	848
2138	21	848
2139	6	848
2140	9	848
2141	21	849
2142	6	849
2143	14	849
2144	9	849
2145	24	850
2146	26	850
2147	4	851
2148	3	851
2149	25	851
2150	7	851
2151	6	851
2152	4	852
2153	3	853
2154	24	853
2155	6	853
2156	4	853
2157	26	853
2158	26	854
2159	3	855
2160	26	855
2161	9	856
2162	3	856
2163	25	857
2164	6	857
2165	21	857
2166	26	857
2167	25	859
2168	9	860
2169	26	860
2170	6	861
2171	3	861
2172	24	861
2173	6	862
2174	26	863
2175	21	863
2176	9	863
2177	30	864
2178	24	864
2179	7	864
2180	21	864
2181	4	867
2182	27	868
2183	8	868
2184	22	869
2185	27	869
2186	21	869
2187	14	869
2188	22	870
2189	6	870
2190	8	870
2191	7	870
2192	30	870
2193	21	871
2194	27	871
2195	14	871
2196	30	871
2197	22	873
2198	8	873
2199	14	874
2200	30	874
2201	4	874
2202	6	874
2203	6	875
2204	27	875
2205	8	875
2206	24	875
2207	6	876
2208	14	876
2209	22	876
2210	8	876
2211	7	876
2212	27	877
2213	7	877
2214	8	877
2215	24	877
2216	22	877
2217	21	878
2218	22	878
2219	27	878
2220	22	879
2221	22	881
2222	23	881
2223	14	882
2224	4	883
2225	23	883
2226	7	883
2227	21	883
2228	8	883
2229	7	884
2230	8	884
2231	24	884
2232	23	885
2233	30	885
2234	22	885
2235	21	885
2236	22	886
2237	27	887
2238	14	887
2239	23	887
2240	23	888
2241	27	888
2242	30	888
2243	22	888
2244	6	888
2245	21	889
2246	4	889
2247	24	889
2248	6	889
2249	30	889
2250	14	890
2251	24	890
2252	21	890
2253	6	891
2254	14	891
2255	30	891
2256	7	891
2257	14	892
2258	21	892
2259	27	893
2260	24	893
2261	6	893
2262	14	894
2263	6	895
2264	30	895
2265	7	895
2266	6	896
2267	8	896
2268	14	896
2269	7	896
2270	30	896
2271	30	898
2272	22	898
2273	21	898
2274	14	900
2275	21	900
2276	27	900
2277	24	900
2278	4	901
2279	20	901
2280	21	901
2281	22	901
2282	10	902
2283	29	902
2284	22	902
2285	20	902
2286	15	902
2287	20	903
2288	10	903
2289	29	903
2290	15	904
2291	10	904
2292	29	904
2293	2	904
2294	23	904
2295	3	905
2296	10	905
2297	15	906
2298	21	907
2299	22	907
2300	10	907
2301	3	907
2302	10	909
2303	2	909
2304	3	909
2305	20	909
2306	23	909
2307	10	910
2308	22	913
2309	20	913
2310	2	913
2311	13	914
2312	15	914
2313	2	914
2314	21	914
2315	10	915
2316	20	915
2317	3	917
2318	22	917
2319	15	917
2320	23	918
2321	29	918
2322	15	918
2323	20	918
2324	4	919
2325	29	919
2326	15	919
2327	22	920
2328	29	920
2329	15	920
2330	21	920
2331	21	921
2332	23	922
2333	3	922
2334	21	922
2335	2	925
2336	2	928
2337	22	928
2338	23	928
2339	4	930
2340	15	931
2341	29	931
2342	13	931
2343	2	931
2344	21	931
2345	22	932
2346	4	932
2347	29	933
2348	15	933
2349	23	933
2350	10	933
2351	3	933
2352	13	934
2353	2	934
2354	4	934
2355	29	934
2356	21	934
2357	29	936
2358	23	936
2359	2	936
2360	3	936
2361	10	936
2362	20	937
2363	29	937
2364	2	937
2365	21	937
2366	10	938
2367	4	939
2368	22	940
2369	13	940
2370	2	940
2371	23	940
2372	21	941
2373	20	941
2374	4	941
2375	23	941
2376	10	942
2377	29	942
2378	13	942
2379	15	942
2380	22	942
2381	4	943
2382	3	943
2383	13	943
2384	22	943
2385	21	943
2386	20	944
2387	3	945
2388	13	945
2389	4	945
2390	3	946
2391	23	946
2392	2	947
2393	29	947
2394	21	947
2395	23	947
2396	22	947
2397	10	948
2398	15	948
2399	3	948
2400	29	949
2401	23	949
2402	22	949
2403	10	949
2404	2	950
2405	15	953
2406	21	953
2407	17	953
2408	3	953
2409	17	954
2410	24	955
2411	6	955
2412	22	955
2413	28	956
2414	30	956
2415	21	956
2416	27	956
2417	22	956
2418	15	957
2419	9	957
2420	17	957
2421	21	957
2422	22	958
2423	21	958
2424	3	958
2425	9	958
2426	15	959
2427	21	959
2428	30	959
2429	27	960
2430	24	960
2431	9	961
2432	21	961
2433	15	961
2434	24	962
2435	9	962
2436	28	962
2437	22	963
2438	15	963
2439	6	963
2440	21	963
2441	28	964
2442	17	964
2443	27	964
2444	15	964
2445	6	964
2446	24	965
2447	27	965
2448	3	965
2449	28	965
2450	3	966
2451	17	967
2452	22	967
2453	30	967
2454	9	967
2455	28	967
2456	30	969
2457	6	970
2458	21	970
2459	9	970
2460	27	970
2461	3	970
2462	27	971
2463	28	971
2464	24	971
2465	15	972
2466	9	972
2467	3	973
2468	15	973
2469	28	973
2470	17	973
2471	22	974
2472	27	974
2473	9	975
2474	21	975
2475	3	975
2476	30	975
2477	15	975
2478	24	976
2479	21	977
2480	21	978
2481	15	978
2482	27	978
2483	3	978
2484	17	978
2485	27	979
2486	24	979
2487	9	980
2488	27	980
2489	3	980
2490	21	980
2491	21	981
2492	3	981
2493	28	981
2494	21	982
2495	30	983
2496	21	983
2497	15	983
2498	9	984
2499	3	984
2500	30	985
2501	27	985
2502	21	985
2503	21	986
2504	3	986
2505	27	986
2506	9	986
2507	28	986
2508	9	987
2509	24	987
2510	17	987
2511	27	987
2512	6	988
2513	6	989
2514	5	991
2515	26	992
2516	9	992
2517	5	992
2518	11	992
2519	4	992
2520	19	993
2521	20	993
2522	26	995
2523	4	995
2524	12	995
2525	4	997
2526	20	997
2527	5	997
2528	21	997
2529	5	998
2530	9	998
2531	25	998
2532	16	999
2533	19	999
2534	11	1000
2535	19	1000
2536	4	1000
2537	19	1001
2538	5	1001
2539	20	1002
2540	16	1003
2541	4	1003
2542	25	1003
2543	5	1003
2544	21	1005
2545	16	1005
2546	4	1005
2547	25	1005
2548	11	1006
2549	25	1006
2550	4	1006
2551	20	1006
2552	26	1007
2553	16	1007
2554	4	1007
2555	9	1008
2556	12	1008
2557	16	1008
2558	19	1008
2559	9	1009
2560	26	1009
2561	4	1009
2562	20	1009
2563	11	1010
2564	25	1010
2565	26	1010
2566	9	1010
2567	4	1010
2568	5	1011
2569	9	1011
2570	12	1011
2571	11	1011
2572	26	1012
2573	25	1012
2574	9	1012
2575	4	1012
2576	11	1013
2577	9	1013
2578	26	1013
2579	4	1013
2580	12	1015
2581	20	1015
2582	11	1015
2583	5	1015
2584	19	1016
2585	26	1016
2586	5	1017
2587	4	1017
2588	26	1017
2589	26	1019
2590	5	1019
2591	16	1019
2592	4	1019
2593	11	1019
2594	21	1020
2595	11	1021
2596	16	1022
2597	4	1022
2598	20	1022
2599	19	1024
2600	11	1024
2601	21	1024
2602	9	1024
2603	12	1026
2604	26	1026
2605	4	1026
2606	12	1027
2607	21	1028
2608	19	1028
2609	19	1029
2610	9	1029
2611	16	1029
2612	21	1029
2613	16	1030
2614	20	1030
2615	19	1030
2616	4	1030
2617	9	1030
2618	19	1031
2619	21	1032
2620	4	1032
2621	9	1032
2622	25	1032
2623	16	1033
2624	9	1033
2625	26	1034
2626	5	1034
2627	21	1034
2628	11	1035
2629	4	1035
2630	5	1035
2631	25	1035
2632	12	1035
2633	11	1036
2634	19	1037
2635	20	1037
2636	25	1037
2637	16	1039
2638	21	1039
2639	19	1040
2640	11	1040
2641	16	1040
2642	16	1041
2643	21	1042
2644	26	1042
2645	12	1042
2646	9	1042
2647	19	1042
2648	11	1043
2649	9	1043
2650	21	1044
2651	20	1044
2652	26	1044
2653	9	1044
2654	12	1045
2655	9	1047
2656	19	1047
2657	5	1047
2658	12	1047
2659	16	1047
2660	9	1049
2661	4	1051
2662	25	1051
2663	1	1052
2664	14	1052
2665	7	1052
2666	23	1052
2667	28	1052
2668	23	1053
2669	3	1054
2670	19	1055
2671	2	1055
2672	23	1055
2673	3	1055
2674	28	1055
2675	23	1056
2676	15	1057
2677	26	1057
2678	7	1057
2679	23	1058
2680	19	1058
2681	7	1058
2682	2	1059
2683	7	1059
2684	15	1059
2685	2	1063
2686	15	1063
2687	14	1063
2688	23	1063
2689	28	1063
2690	23	1064
2691	28	1064
2692	28	1066
2693	8	1066
2694	26	1066
2695	1	1067
2696	28	1067
2697	7	1067
2698	3	1067
2699	15	1067
2700	1	1068
2701	26	1069
2702	8	1069
2703	23	1069
2704	14	1069
2705	8	1070
2706	15	1070
2707	2	1071
2708	7	1072
2709	2	1072
2710	14	1072
2711	19	1073
2712	2	1073
2713	28	1073
2714	3	1073
2715	14	1073
2716	23	1074
2717	3	1074
2718	26	1074
2719	7	1074
2720	8	1074
2721	8	1077
2722	15	1077
2723	3	1077
2724	2	1078
2725	2	1079
2726	15	1079
2727	8	1079
2728	19	1079
2729	15	1080
2730	3	1080
2731	14	1080
2732	2	1080
2733	19	1080
2734	7	1081
2735	8	1081
2736	15	1081
2737	2	1081
2738	1	1081
2739	1	1082
2740	19	1083
2741	1	1083
2742	15	1083
2743	1	1084
2744	28	1085
2745	15	1085
2746	17	1086
2747	14	1086
2748	3	1087
2749	24	1087
2750	13	1087
2751	17	1087
2752	9	1087
2753	13	1088
2754	24	1088
2755	27	1088
2756	14	1088
2757	29	1088
2758	13	1089
2759	24	1089
2760	14	1089
2761	9	1089
2762	7	1090
2763	17	1093
2764	29	1093
2765	7	1093
2766	26	1093
2767	14	1094
2768	13	1094
2769	9	1094
2770	17	1094
2771	9	1095
2772	29	1096
2773	27	1096
2774	26	1096
2775	20	1096
2776	14	1096
2777	26	1097
2778	7	1098
2779	13	1098
2780	3	1099
2781	17	1099
2782	13	1099
2783	26	1100
2784	27	1100
2785	24	1100
2786	14	1100
2787	7	1102
2788	20	1102
2789	13	1102
2790	26	1102
2791	3	1102
2792	13	1104
2793	9	1104
2794	29	1104
2795	3	1104
2796	24	1104
2797	13	1105
2798	29	1105
2799	7	1105
2800	3	1105
2801	20	1107
2802	17	1107
2803	26	1107
2804	27	1109
2805	17	1109
2806	9	1109
2807	26	1110
2808	20	1110
2809	9	1110
2810	24	1110
2811	14	1111
2812	13	1111
2813	26	1111
2814	9	1111
2815	17	1111
2816	7	1112
2817	13	1112
2818	17	1112
2819	9	1112
2820	14	1112
2821	13	1113
2822	7	1113
2823	13	1114
2824	20	1115
2825	24	1115
2826	14	1116
2827	17	1116
2828	9	1116
2829	24	1116
2830	9	1117
2831	20	1117
2832	14	1117
2833	29	1117
2834	13	1118
2835	24	1118
2836	17	1118
2837	29	1119
2838	9	1120
2839	9	1121
2840	26	1121
2841	20	1121
2842	29	1121
2843	17	1121
2844	9	1122
2845	7	1123
2846	24	1123
2847	17	1123
2848	9	1123
2849	29	1124
2850	20	1124
2851	26	1124
2852	11	1125
2853	27	1125
2854	10	1125
2855	21	1126
2856	11	1126
2857	29	1126
2858	17	1126
2859	23	1128
2860	27	1128
2861	11	1128
2862	30	1129
2863	23	1129
2864	29	1129
2865	28	1129
2866	27	1129
2867	21	1130
2868	10	1130
2869	17	1130
2870	23	1130
2871	30	1131
2872	27	1131
2873	11	1131
2874	21	1131
2875	8	1131
2876	28	1132
2877	18	1132
2878	11	1134
2879	23	1134
2880	21	1134
2881	27	1135
2882	28	1136
2883	27	1136
2884	8	1136
2885	21	1136
2886	10	1137
2887	28	1137
2888	17	1137
2889	30	1138
2890	23	1138
2891	27	1138
2892	29	1138
2893	18	1139
2894	29	1139
2895	11	1141
2896	21	1141
2897	28	1142
2898	29	1143
2899	8	1143
2900	8	1144
2901	29	1146
2902	21	1147
2903	27	1147
2904	28	1147
2905	18	1147
2906	28	1148
2907	27	1148
2908	11	1148
2909	27	1149
2910	21	1149
2911	18	1149
2912	27	1150
2913	17	1150
2914	23	1150
2915	28	1150
2916	30	1150
2917	17	1152
2918	28	1152
2919	30	1152
2920	8	1152
2921	18	1153
2922	29	1154
2923	17	1154
2924	11	1154
2925	28	1154
2926	30	1155
2927	8	1155
2928	28	1155
2929	17	1155
2930	27	1156
2931	11	1157
2932	28	1157
2933	8	1157
2934	23	1157
2935	21	1158
2936	18	1159
2937	10	1159
2938	21	1159
2939	30	1159
2940	27	1159
2941	11	1160
2942	27	1161
2943	8	1162
2944	11	1163
2945	17	1163
2946	28	1163
2947	23	1163
2948	18	1164
2949	11	1164
2950	21	1164
2951	30	1164
2952	17	1164
2953	18	1165
2954	28	1165
2955	10	1165
2956	17	1165
2957	18	1166
2958	8	1166
2959	27	1166
2960	10	1166
2961	10	1167
2962	23	1167
2963	23	1169
2964	28	1169
2965	10	1169
2966	29	1169
2967	30	1169
2968	27	1170
2969	17	1170
2970	23	1172
2971	30	1172
2972	18	1172
2973	21	1172
2974	29	1172
2975	17	1173
2976	29	1173
2977	21	1173
2978	28	1174
2979	8	1175
2980	29	1175
2981	8	1176
2982	23	1176
2983	29	1176
2984	30	1176
2985	11	1176
2986	2	1177
2987	28	1177
2988	18	1177
2989	21	1178
2990	29	1178
2991	21	1180
2992	25	1180
2993	29	1180
2994	18	1180
2995	21	1181
2996	28	1181
2997	14	1182
2998	3	1182
2999	18	1182
3000	21	1182
3001	28	1182
3002	2	1183
3003	29	1183
3004	18	1183
3005	3	1183
3006	18	1184
3007	21	1184
3008	18	1185
3009	29	1185
3010	27	1185
3011	2	1185
3012	9	1186
3013	21	1186
3014	28	1186
3015	2	1186
3016	19	1186
3017	28	1187
3018	25	1187
3019	27	1187
3020	2	1187
3021	14	1189
3022	28	1190
3023	3	1191
3024	25	1191
3025	27	1191
3026	19	1191
3027	28	1194
3028	3	1194
3029	9	1194
3030	14	1194
3031	25	1195
3032	18	1195
3033	21	1195
3034	9	1196
3035	29	1196
3036	9	1197
3037	29	1198
3038	21	1198
3039	14	1198
3040	3	1198
3041	14	1199
3042	19	1200
3043	18	1200
3044	14	1200
3045	25	1200
3046	2	1201
3047	19	1201
3048	29	1201
3049	25	1201
3050	3	1201
3051	14	1202
3052	27	1202
3053	25	1202
3054	9	1202
3055	2	1203
3056	21	1203
3057	14	1203
3058	19	1203
3059	18	1203
3060	21	1205
3061	19	1205
3062	2	1205
3063	14	1205
3064	27	1205
3065	28	1206
3066	29	1206
3067	14	1207
3068	25	1207
3069	18	1207
3070	27	1207
3071	28	1207
3072	2	1208
3073	14	1208
3074	28	1208
3075	19	1208
3076	9	1209
3077	14	1209
3078	28	1211
3079	28	1212
3080	14	1212
3081	27	1212
3082	21	1213
3083	2	1213
3084	25	1213
3085	28	1213
3086	27	1213
3087	25	1214
3088	29	1214
3089	28	1215
3090	29	1216
3091	3	1216
3092	26	1216
3093	30	1216
3094	6	1216
3095	1	1217
3096	26	1218
3097	6	1218
3098	12	1218
3099	16	1218
3100	30	1218
3101	29	1219
3102	30	1220
3103	20	1220
3104	29	1220
3105	6	1220
3106	1	1221
3107	20	1222
3108	3	1222
3109	12	1222
3110	16	1223
3111	12	1223
3112	4	1223
3113	6	1223
3114	1	1223
3115	4	1224
3116	26	1224
3117	30	1224
3118	1	1225
3119	3	1225
3120	26	1227
3121	6	1227
3122	4	1229
3123	12	1229
3124	26	1229
3125	6	1230
3126	1	1230
3127	12	1231
3128	30	1232
3129	4	1232
3130	6	1233
3131	3	1233
3132	16	1233
3133	28	1233
3134	29	1233
3135	4	1235
3136	1	1235
3137	30	1237
3138	6	1237
3139	29	1237
3140	16	1237
3141	29	1238
3142	30	1238
3143	1	1239
3144	4	1239
3145	28	1239
3146	12	1239
3147	16	1240
3148	1	1241
3149	29	1241
3150	12	1242
3151	1	1242
3152	29	1242
\.


